9
5
9 8 7 6 5
5
9 8 4 1 3
9
1 2 3 4 5 6 7 8 9
5
1 2 3 4 5
18
1 2 3 8 15 11 2 13 4 5 6 7 8 9 17 14 19 22
9
8 7 1 12 4 13 33 12 41
10
6 16 18 8 8 5 16 8 12 17
100
21615 1192 7746 12564 32364 22256 21997 8392 1135 31173 12815 5314 3238 15602 15446 17605 12630 19699 15709 11472 15637 20058 31360 9120 30521 18545 1519 14966 5264 8993 21761 18970 8274 15378 4299 20768 29011 22292 21746 1898 32637 28094 20669 19182 11646 8788 32366 18873 23230 23022 25811 3380 20884 16855 5912 19111 26041 17460 26335 7419 22269 12262 31890 3012 19512 6065 18936 895 31364 11421 2823 8983 19625 6044 18682 687 7897 5742 5027 22427 25246 24514 25857 6575 16144 4766 25365 3517 331 13568 29682 22873 28960 1478 22548 991 24075 9675 16114 2232
120
21615 1192 7746 12564 32364 22256 21997 8392 1135 31173 12815 5314 3238 15602 15446 17605 12630 19699 15709 11472 15637 20058 31360 9120 30521 18545 1519 14966 5264 1898 32637 28094 20669 19182 11646 8788 32366 6 12 17 18873 23230 23022 25811 3380 20884 16855 5912 19111 26041 17460 26335 7419 22269 12262 31890 3012 19512 6065 18936 895 31364 11421 2823 8983 19625 6044 18682 687 7897 5742 5027 22427 25246 24514 25857 6575 16144 4766 25365 3517 331 13568 29682 22873 28960 1478 22548 991 24075 9675 16114 2232 8993 21761 18970 8274 15378 4299 20768 29011 22292 21746  16 18 8 8 5 16 8 32198 213 12321 78923 1 3249 1234 9143 5431 325